36
G.gallus_EHHADH_peroxisomal_bifunctional_enzyme_isoform_X2        0.0000000 1.0610428 0.8629928 1.0073584 1.0325217 0.8394961 0.8351271 0.7833423 0.4185642 0.5817053 3.6546201 3.4933689 3.7260545 3.6122675 3.5435015 3.5040112 3.7079473 3.4844271 3.4743802 3.6069641 3.4883888 3.5279254 3.6104124 3.4564309 3.8580051 3.5250457 3.4059472 3.5695561 3.5130028 3.5453109 3.5218207 3.6243580 3.4917677 3.4972291 3.5361220 3.6455290 
S.salar_ehhadh_peroxisomal_bifunctional_enzyme                    1.0610428 0.0000000 0.9216570 0.5641489 0.4219945 1.1140593 1.0650029 1.0127229 0.9577183 1.0023717 3.3332144 3.3389583 3.5597592 3.4190711 3.3397791 3.1756560 3.3292885 3.3582715 3.3459944 3.4195639 3.4139318 3.4758163 3.3579124 3.4651529 3.6739397 3.5586108 3.5457923 3.2970383 3.4062334 3.3129322 3.4077437 3.3345092 3.4709749 3.4277831 3.3657280 3.3643074 
X.laevis_ehhadh.S_peroxisomal_bifunctional_enzyme                 0.8629928 0.9216570 0.0000000 0.8986606 1.0196709 0.9974063 0.9604419 0.9621705 0.8039576 0.8891407 3.5492358 3.2816223 3.5135948 3.2858692 3.2864967 3.0822126 3.3558928 3.3999635 3.3368455 3.3457356 3.4313200 3.2563136 3.4747462 3.1767437 3.7240552 3.4625796 3.4817362 3.5441999 3.5497996 3.5109366 3.4269668 3.4603818 3.5735389 3.6043874 3.5934683 3.4803692 
D.rerio_ehhadh_peroxisomal_bifunctional_enzyme                    1.0073584 0.5641489 0.8986606 0.0000000 0.6219682 1.1262513 1.1015584 1.0520543 0.9412618 0.9525200 3.0664631 3.1027114 3.2918374 3.0843035 3.0333711 2.8884275 3.0495082 3.0122783 3.1053986 3.0637346 3.0226550 3.1018127 3.1057624 3.0651782 3.6930841 3.5308975 3.4094141 3.3030628 3.3813383 3.3703364 3.1727501 3.2549724 3.2381105 3.1486054 3.4671846 3.2573556 
G.aculeatus_ehhadh_peroxisomal_bifunctional_enzyme                1.0325217 0.4219945 1.0196709 0.6219682 0.0000000 1.1548271 1.0841362 1.0751175 0.9195299 1.0315114 3.3967909 3.3324956 3.5925962 3.3791506 3.3664607 3.2062582 3.3599992 3.3874896 3.3958147 3.4532584 3.3985344 3.2995386 3.4425286 3.2834867 3.5901420 3.4192038 3.3477435 3.2196844 3.2341331 3.2233927 3.2689795 3.2425549 3.2032281 3.2545142 3.3950053 3.2346452 
F.catus_EHHADH_peroxisomal_bifunctional_enzyme                    0.8394961 1.1140593 0.9974063 1.1262513 1.1548271 0.0000000 0.1820744 0.1528714 0.6966665 0.8155757 3.7699167 3.6567504 4.0307880 3.7310011 3.7691790 3.4849639 3.7065254 3.8086626 3.7497536 3.8176690 3.8283731 3.7337518 3.8715955 3.7452916 4.6776472 4.0820436 4.1973750 4.1245152 4.1610743 4.1784311 3.8913087 3.7500880 3.8484502 4.3429877 4.1323513 3.7410067 
E.caballus_EHHADH_peroxisomal_bifunctional_enzyme                 0.8351271 1.0650029 0.9604419 1.1015584 1.0841362 0.1820744 0.0000000 0.1558893 0.6546610 0.7594890 3.8789947 3.7582680 4.0939003 3.8768726 3.9092905 3.6363719 3.8175737 3.9184314 3.8245640 3.9178813 3.9029231 3.8228829 3.9602898 3.8534995 4.5775011 4.1816021 4.1412482 4.1313166 4.1553670 4.2333738 3.8997873 3.6698461 3.7920591 4.4129815 4.0702803 3.6608724 
H.sapiens_EHHADH_peroxisomal_bifunctional_enzyme_isoform_1        0.7833423 1.0127229 0.9621705 1.0520543 1.0751175 0.1528714 0.1558893 0.0000000 0.6305140 0.7069861 3.7233385 3.6344406 3.9850471 3.7211399 3.7447839 3.5253364 3.6851391 3.7297554 3.7425341 3.8162907 3.7224577 3.7102934 3.8076983 3.7180682 4.3917116 4.0749527 4.0069731 3.8270274 3.8979614 3.9550032 3.7262039 3.5976508 3.6297584 4.0618610 3.8952285 3.5889701 
C.mydas_EHHADH_peroxisomal_bifunctional_enzyme                    0.4185642 0.9577183 0.8039576 0.9412618 0.9195299 0.6966665 0.6546610 0.6305140 0.0000000 0.4547569 3.5065486 3.2841596 3.4721278 3.4642245 3.3879609 3.2523625 3.4773909 3.2635107 3.4178488 3.3586273 3.2567442 3.4001483 3.4220112 3.3836779 3.7454121 3.3296641 3.3702529 3.2727608 3.3936899 3.3965422 3.3246971 3.2535245 3.3615198 3.4259944 3.4704379 3.2721049 
S.townsendi_EHHADH_peroxisomal_bifunctional_enzyme                0.5817053 1.0023717 0.8891407 0.9525200 1.0315114 0.8155757 0.7594890 0.7069861 0.4547569 0.0000000 3.4370693 3.3068318 3.4543586 3.5091877 3.4118797 3.2352202 3.5969307 3.4143306 3.5317820 3.4003498 3.4000161 3.4357683 3.4973174 3.3871558 4.4308130 3.8289732 3.7626024 3.6892889 3.7144080 3.7249714 3.6616462 3.7369673 3.9014281 3.8528841 4.0944622 3.7592247 
D.rerio_hadhaa_hydroxyacylCoA_dehydrogenase_trifunctional_multien 3.6546201 3.3332144 3.5492358 3.0664631 3.3967909 3.7699167 3.8789947 3.7233385 3.5065486 3.4370693 0.0000000 0.4204328 0.4430613 0.3760877 0.3676779 0.4480834 0.3012250 0.4372136 0.3817803 0.4626159 0.4830281 0.2881043 0.2803950 0.2923890 3.9173240 3.0240635 3.2514341 3.0435256 3.2039431 3.0280148 3.1536834 2.9667015 2.9683273 3.1006173 3.1117942 3.0129470 
C.mydas_HADHA_trifunctional_enzyme_subunit_alpha_mitochondrial_is 3.4933689 3.3389583 3.2816223 3.1027114 3.3324956 3.6567504 3.7582680 3.6344406 3.2841596 3.3068318 0.4204328 0.0000000 0.3822483 0.2355529 0.2376207 0.2071116 0.4429810 0.2838444 0.2008437 0.3003557 0.3119950 0.4181233 0.3915704 0.4275150 3.5871856 2.7796727 3.0502704 2.9170503 3.0841976 3.0120935 3.0396305 2.8624141 2.9158925 2.8288549 2.9909256 2.9111889 
C.carcharias_LOC121278346_trifunctional_enzyme_subunit_alpha_mito 3.7260545 3.5597592 3.5135948 3.2918374 3.5925962 4.0307880 4.0939003 3.9850471 3.4721278 3.4543586 0.4430613 0.3822483 0.0000000 0.3475043 0.3443287 0.4120447 0.4272434 0.4175273 0.3479390 0.4229396 0.4143998 0.4419430 0.4414823 0.4513295 3.8326119 2.9821073 3.2475203 2.9669477 3.1339252 2.9623742 3.1151454 2.8366252 2.9479987 3.0630141 2.9959883 2.8236975 
X.laevis_hadha.L_trifunctional_enzyme_subunit_alpha_mitochondrial 3.6122675 3.4190711 3.2858692 3.0843035 3.3791506 3.7310011 3.8768726 3.7211399 3.4642245 3.5091877 0.3760877 0.2355529 0.3475043 0.0000000 0.0276632 0.2526218 0.3502919 0.3039814 0.2215013 0.3150948 0.3064740 0.3312456 0.3581959 0.3399523 3.4979300 2.8555422 3.1728609 2.8816033 3.0724110 2.9592925 3.0488858 2.7332600 2.8121508 2.8696816 2.8834273 2.7795346 
X.laevis_hadha.S_hydroxyacylCoA_dehydrogenase_trifunctional_multi 3.5435015 3.3397791 3.2864967 3.0333711 3.3664607 3.7691790 3.9092905 3.7447839 3.3879609 3.4118797 0.3676779 0.2376207 0.3443287 0.0276632 0.0000000 0.2539854 0.3385444 0.3034713 0.2171400 0.3129185 0.3111945 0.3266250 0.3572486 0.3269148 3.5036269 2.8472959 3.1746738 2.9189183 3.1122022 2.9830153 3.0656142 2.7524212 2.8340975 2.7989472 2.9255478 2.7990196 
G.gallus_HADHA_trifunctional_enzyme_subunit_alpha_mitochondrial   3.5040112 3.1756560 3.0822126 2.8884275 3.2062582 3.4849639 3.6363719 3.5253364 3.2523625 3.2352202 0.4480834 0.2071116 0.4120447 0.2526218 0.2539854 0.0000000 0.4418497 0.2901189 0.2153548 0.2998602 0.3013150 0.4248863 0.4243789 0.4422193 3.5772192 2.8908683 3.1367909 2.9354207 3.1139446 3.0396446 3.0443138 2.8925848 2.9798990 2.8896768 2.9622403 2.9423360 
G.aculeatus_hadhab_hydroxyacylCoA_dehydrogenase_trifunctional_mul 3.7079473 3.3292885 3.3558928 3.0495082 3.3599992 3.7065254 3.8175737 3.6851391 3.4773909 3.5969307 0.3012250 0.4429810 0.4272434 0.3502919 0.3385444 0.4418497 0.0000000 0.4451893 0.3680518 0.4401535 0.4607381 0.1805620 0.2207338 0.1856121 3.8145842 3.0498566 3.2650137 3.0109567 3.1700680 2.9854352 3.2334136 3.5406853 3.1605815 3.1753211 3.1182637 3.0230840 
E.caballus_HADHA_trifunctional_enzyme_subunit_alpha_mitochondrial 3.4844271 3.3582715 3.3999635 3.0122783 3.3874896 3.8086626 3.9184314 3.7297554 3.2635107 3.4143306 0.4372136 0.2838444 0.4175273 0.3039814 0.3034713 0.2901189 0.4451893 0.0000000 0.2989403 0.0898838 0.0855957 0.4239844 0.4237175 0.4344733 3.7545699 2.7925870 3.1818830 2.8542625 3.0764301 2.8917998 3.1017628 2.8164349 2.9257559 2.9295252 2.8861822 2.8643960 
S.townsendi_HADHA_trifunctional_enzyme_subunit_alpha_mitochondria 3.4743802 3.3459944 3.3368455 3.1053986 3.3958147 3.7497536 3.8245640 3.7425341 3.4178488 3.5317820 0.3817803 0.2008437 0.3479390 0.2215013 0.2171400 0.2153548 0.3680518 0.2989403 0.0000000 0.3143593 0.3028547 0.3572890 0.3596427 0.3506003 3.7183796 2.8591471 3.2182595 2.8689214 3.0689494 2.9585655 3.1578818 2.8150205 2.9253596 2.8743757 3.0279162 2.8641157 
F.catus_HADHA_trifunctional_enzyme_subunit_alpha_mitochondrial    3.6069641 3.4195639 3.3457356 3.0637346 3.4532584 3.8176690 3.9178813 3.8162907 3.3586273 3.4003498 0.4626159 0.3003557 0.4229396 0.3150948 0.3129185 0.2998602 0.4401535 0.0898838 0.3143593 0.0000000 0.1175638 0.4280023 0.4324603 0.4439832 3.6423408 2.7465267 3.1983574 2.8591502 3.0817395 2.9548005 3.1024457 2.8129426 2.9210634 2.9493275 2.8642357 2.8605603 
H.sapiens_HADHA_trifunctional_enzyme_subunit_alpha_mitochondrial_ 3.4883888 3.4139318 3.4313200 3.0226550 3.3985344 3.8283731 3.9029231 3.7224577 3.2567442 3.4000161 0.4830281 0.3119950 0.4143998 0.3064740 0.3111945 0.3013150 0.4607381 0.0855957 0.3028547 0.1175638 0.0000000 0.4451079 0.4419191 0.4560448 3.6356962 2.7289040 3.1267571 2.8314458 3.0652123 2.8887916 3.0563772 2.7558247 2.8591177 2.8980594 2.8434000 2.8023706 
S.salar_LOC106611334_trifunctional_enzyme_subunit_alpha_mitochond 3.5279254 3.4758163 3.2563136 3.1018127 3.2995386 3.7337518 3.8228829 3.7102934 3.4001483 3.4357683 0.2881043 0.4181233 0.4419430 0.3312456 0.3266250 0.4248863 0.1805620 0.4239844 0.3572890 0.4280023 0.4451079 0.0000000 0.2267954 0.0521341 3.6501222 2.9418645 3.0697774 2.9126778 3.0549386 2.8798167 3.0008677 2.8669446 2.8682904 3.0532263 3.0465462 2.8955686 
D.rerio_hadhab_hydroxyacylCoA_dehydrogenase_trifunctional_multien 3.6104124 3.3579124 3.4747462 3.1057624 3.4425286 3.8715955 3.9602898 3.8076983 3.4220112 3.4973174 0.2803950 0.3915704 0.4414823 0.3581959 0.3572486 0.4243789 0.2207338 0.4237175 0.3596427 0.4324603 0.4419191 0.2267954 0.0000000 0.2225182 3.6858235 2.9941822 3.1861077 3.0305778 3.1900787 3.0060027 3.2035127 3.0213393 2.9881020 3.0686316 3.0714648 3.0688711 
S.salar_hadhab_hydroxyacylCoA_dehydrogenase_trifunctional_multien 3.4564309 3.4651529 3.1767437 3.0651782 3.2834867 3.7452916 3.8534995 3.7180682 3.3836779 3.3871558 0.2923890 0.4275150 0.4513295 0.3399523 0.3269148 0.4422193 0.1856121 0.4344733 0.3506003 0.4439832 0.4560448 0.0521341 0.2225182 0.0000000 3.6366129 2.9523212 3.0608167 2.9527960 3.0790211 2.8961929 2.9577923 2.8935851 2.8884498 3.0497903 3.0571586 2.9224345 
G.gallus_HADH_hydroxyacylcoenzyme_A_dehydrogenase_mitochondrial   3.8580051 3.6739397 3.7240552 3.6930841 3.5901420 4.6776472 4.5775011 4.3917116 3.7454121 4.4308130 3.9173240 3.5871856 3.8326119 3.4979300 3.5036269 3.5772192 3.8145842 3.7545699 3.7183796 3.6423408 3.6356962 3.6501222 3.6858235 3.6366129 0.0000000 0.3755760 0.3128162 0.4303916 0.4356914 0.4333727 0.4789845 0.5421963 0.6906601 0.3310952 0.4936110 0.5550606 
X.laevis_hadh.L_hydroxyacylCoA_dehydrogenase_L_homeolog           3.5250457 3.5586108 3.4625796 3.5308975 3.4192038 4.0820436 4.1816021 4.0749527 3.3296641 3.8289732 3.0240635 2.7796727 2.9821073 2.8555422 2.8472959 2.8908683 3.0498566 2.7925870 2.8591471 2.7465267 2.7289040 2.9418645 2.9941822 2.9523212 0.3755760 0.0000000 0.1684770 0.2757070 0.2835577 0.2825674 0.3018169 0.3562022 0.4589672 0.2313603 0.3293466 0.3666906 
C.mydas_HADH_hydroxyacylcoenzyme_A_dehydrogenase_mitochondrial    3.4059472 3.5457923 3.4817362 3.4094141 3.3477435 4.1973750 4.1412482 4.0069731 3.3702529 3.7626024 3.2514341 3.0502704 3.2475203 3.1728609 3.1746738 3.1367909 3.2650137 3.1818830 3.2182595 3.1983574 3.1267571 3.0697774 3.1861077 3.0608167 0.3128162 0.1684770 0.0000000 0.2835350 0.2904291 0.2780782 0.3571998 0.4555147 0.5464501 0.2073625 0.3622995 0.4670713 
H.sapiens_HADH_hydroxyacylcoenzyme_A_dehydrogenase_mitochondrial_ 3.5695561 3.2970383 3.5441999 3.3030628 3.2196844 4.1245152 4.1313166 3.8270274 3.2727608 3.6892889 3.0435256 2.9170503 2.9669477 2.8816033 2.9189183 2.9354207 3.0109567 2.8542625 2.8689214 2.8591502 2.8314458 2.9126778 3.0305778 2.9527960 0.4303916 0.2757070 0.2835350 0.0000000 0.0887841 0.0810574 0.3748681 0.4035035 0.4971862 0.2816331 0.3474347 0.3990560 
E.caballus_HADH_hydroxyacylcoenzyme_A_dehydrogenase_mitochondrial 3.5130028 3.4062334 3.5497996 3.3813383 3.2341331 4.1610743 4.1553670 3.8979614 3.3936899 3.7144080 3.2039431 3.0841976 3.1339252 3.0724110 3.1122022 3.1139446 3.1700680 3.0764301 3.0689494 3.0817395 3.0652123 3.0549386 3.1900787 3.0790211 0.4356914 0.2835577 0.2904291 0.0887841 0.0000000 0.1020333 0.3673706 0.4134002 0.4985499 0.3110889 0.3579388 0.4089173 
F.catus_HADH_hydroxyacylcoenzyme_A_dehydrogenase_mitochondrial    3.5453109 3.3129322 3.5109366 3.3703364 3.2233927 4.1784311 4.2333738 3.9550032 3.3965422 3.7249714 3.0280148 3.0120935 2.9623742 2.9592925 2.9830153 3.0396446 2.9854352 2.8917998 2.9585655 2.9548005 2.8887916 2.8798167 3.0060027 2.8961929 0.4333727 0.2825674 0.2780782 0.0810574 0.1020333 0.0000000 0.3551490 0.4084634 0.4919716 0.3131952 0.3392232 0.4100214 
C.carcharias_hadh_hydroxyacylcoenzyme_A_dehydrogenase_mitochondri 3.5218207 3.4077437 3.4269668 3.1727501 3.2689795 3.8913087 3.8997873 3.7262039 3.3246971 3.6616462 3.1536834 3.0396305 3.1151454 3.0488858 3.0656142 3.0443138 3.2334136 3.1017628 3.1578818 3.1024457 3.0563772 3.0008677 3.2035127 2.9577923 0.4789845 0.3018169 0.3571998 0.3748681 0.3673706 0.3551490 0.0000000 0.4293907 0.5507168 0.3808854 0.3448930 0.4406681 
S.salar_LOC106610339_hydroxyacylcoenzyme_A_dehydrogenase_mitochon 3.6243580 3.3345092 3.4603818 3.2549724 3.2425549 3.7500880 3.6698461 3.5976508 3.2535245 3.7369673 2.9667015 2.8624141 2.8366252 2.7332600 2.7524212 2.8925848 3.5406853 2.8164349 2.8150205 2.8129426 2.7558247 2.8669446 3.0213393 2.8935851 0.5421963 0.3562022 0.4555147 0.4035035 0.4134002 0.4084634 0.4293907 0.0000000 0.3781966 0.4787785 0.2556635 0.0064380 
G.aculeatus_hadh_hydroxyacylcoenzyme_A_dehydrogenase_mitochondria 3.4917677 3.4709749 3.5735389 3.2381105 3.2032281 3.8484502 3.7920591 3.6297584 3.3615198 3.9014281 2.9683273 2.9158925 2.9479987 2.8121508 2.8340975 2.9798990 3.1605815 2.9257559 2.9253596 2.9210634 2.8591177 2.8682904 2.9881020 2.8884498 0.6906601 0.4589672 0.5464501 0.4971862 0.4985499 0.4919716 0.5507168 0.3781966 0.0000000 0.5896221 0.3569471 0.2638526 
S.townsendi_HADH_hydroxyacylcoenzyme_A_dehydrogenase_mitochondria 3.4972291 3.4277831 3.6043874 3.1486054 3.2545142 4.3429877 4.4129815 4.0618610 3.4259944 3.8528841 3.1006173 2.8288549 3.0630141 2.8696816 2.7989472 2.8896768 3.1753211 2.9295252 2.8743757 2.9493275 2.8980594 3.0532263 3.0686316 3.0497903 0.3310952 0.2313603 0.2073625 0.2816331 0.3110889 0.3131952 0.3808854 0.4787785 0.5896221 0.0000000 0.3952428 0.4907694 
D.rerio_hadh_hydroxyacylcoenzyme_A_dehydrogenase_mitochondrial    3.5361220 3.3657280 3.5934683 3.4671846 3.3950053 4.1323513 4.0702803 3.8952285 3.4704379 4.0944622 3.1117942 2.9909256 2.9959883 2.8834273 2.9255478 2.9622403 3.1182637 2.8861822 3.0279162 2.8642357 2.8434000 3.0465462 3.0714648 3.0571586 0.4936110 0.3293466 0.3622995 0.3474347 0.3579388 0.3392232 0.3448930 0.2556635 0.3569471 0.3952428 0.0000000 0.2653278 
S.salar_hadh_hydroxyacylcoenzyme_A_dehydrogenase_mitochondrial    3.6455290 3.3643074 3.4803692 3.2573556 3.2346452 3.7410067 3.6608724 3.5889701 3.2721049 3.7592247 3.0129470 2.9111889 2.8236975 2.7795346 2.7990196 2.9423360 3.0230840 2.8643960 2.8641157 2.8605603 2.8023706 2.8955686 3.0688711 2.9224345 0.5550606 0.3666906 0.4670713 0.3990560 0.4089173 0.4100214 0.4406681 0.0064380 0.2638526 0.4907694 0.2653278 0.0000000 
